# This file may be used to create an environment using:
# $ conda create --name <env> --file <this file>
# platform: linux-64
_libgcc_mutex=0.1=main
absl-py=0.8.0=pypi_0
astor=0.8.0=pypi_0
blas=1.0=mkl
bleach=1.5.0=pypi_0
bokeh=1.3.4=py36_0
ca-certificates=2019.8.28=0
certifi=2019.9.11=py36_0
click=7.0=py36_0
cloudpickle=1.2.2=py_0
cycler=0.10.0=py36_0
cytoolz=0.10.0=py36h7b6447c_0
dask=2.5.0=py_0
dask-core=2.5.0=py_0
dbus=1.13.6=h746ee38_0
decorator=4.4.0=py36_1
distributed=2.5.1=py_0
expat=2.2.6=he6710b0_0
fontconfig=2.13.0=h9420a91_0
freetype=2.9.1=h8a8886c_1
fsspec=0.5.1=py_0
gast=0.3.2=pypi_0
glib=2.56.2=hd408876_0
grpcio=1.24.1=pypi_0
gst-plugins-base=1.14.0=hbbd80ab_1
gstreamer=1.14.0=hb453b48_1
heapdict=1.0.1=py_0
html5lib=0.9999999=pypi_0
icu=58.2=h9c2bf20_1
imageio=2.5.0=py36_0
intel-openmp=2019.4=243
jinja2=2.10.1=py36_0
jpeg=9b=h024ee3a_2
kiwisolver=1.1.0=py36he6710b0_0
libedit=3.1.20181209=hc058e9b_0
libffi=3.2.1=hd88cf55_4
libgcc-ng=9.1.0=hdf63c60_0
libgfortran-ng=7.3.0=hdf63c60_0
libpng=1.6.37=hbc83047_0
libstdcxx-ng=9.1.0=hdf63c60_0
libtiff=4.0.10=h2733197_2
libuuid=1.0.3=h1bed415_2
libxcb=1.13=h1bed415_1
libxml2=2.9.9=hea5a465_1
locket=0.2.0=py36_1
markdown=3.1.1=pypi_0
markupsafe=1.1.1=py36h7b6447c_0
matplotlib=3.1.1=py36h5429711_0
mkl=2018.0.3=1
mkl-service=1.1.2=py36h90e4bf4_5
mkl_fft=1.0.6=py36h7dd41cf_0
mkl_random=1.0.1=py36h4414c95_1
msgpack-python=0.6.1=py36hfd86e86_1
ncurses=6.1=he6710b0_1
networkx=2.3=py_0
numpy=1.14.2=py36hdbf6ddf_1
numpy-base=1.15.0=py36h1793315_0
olefile=0.46=py36_0
openssl=1.1.1d=h7b6447c_2
packaging=19.2=py_0
pandas=0.25.1=py36he6710b0_0
partd=1.0.0=py_0
pcre=8.43=he6710b0_0
pillow=6.1.0=py36h34e0f95_0
pip=19.2.3=py36_0
psutil=5.6.3=py36h7b6447c_0
pyparsing=2.4.2=py_0
pyqt=5.9.2=py36h05f1152_2
python=3.6.9=h265db76_0
python-dateutil=2.8.0=py36_0
pytz=2019.2=py_0
pywavelets=1.0.3=py36hdd07704_1
pyyaml=5.1.2=py36h7b6447c_0
qt=5.9.7=h5867ecd_1
readline=7.0=h7b6447c_5
scikit-image=0.13.1=py36h14c3975_1
scipy=1.0.0=py36hbf646e7_0
setuptools=41.2.0=py36_0
sip=4.19.8=py36hf484d3e_0
six=1.12.0=py36_0
sortedcontainers=2.1.0=py36_0
sqlite=3.29.0=h7b6447c_0
tblib=1.4.0=py_0
tensorboard=1.7.0=pypi_0
tensorflow-gpu=1.7.0=pypi_0
termcolor=1.1.0=pypi_0
tk=8.6.8=hbc83047_0
toolz=0.10.0=py_0
tornado=6.0.3=py36h7b6447c_0
werkzeug=0.16.0=pypi_0
wheel=0.33.6=py36_0
xz=5.2.4=h14c3975_4
yaml=0.1.7=had09818_2
zict=1.0.0=py_0
zlib=1.2.11=h7b6447c_3
zstd=1.3.7=h0b5b093_0
